loading Scene .. 
Outputting image of size: 10 x 10
Writing to file: scene1.png
x = 0.267949, y = 0.267949, z = 1.000000
x <0.167387, -0.000000, 0.209233> 
y <-0.110854, 0.227252, 0.088684> 
z <0.662266, 0.529813, -0.529813> 
UL <-3.615975, -3.242935, 3.349638> 
LL <-3.394266, -3.697439, 3.172270> 
UR <-3.281202, -3.242935, 3.768104> 
LR <-3.059493, -3.697439, 3.590737> 
AA is true
pixel at: 0.000000, 0.000000 
sample generated at: 0.250000, 0.250000 
sample generated at: 0.250000, 0.500000 
sample generated at: 0.250000, 0.750000 
sample generated at: 0.500000, 0.250000 
sample generated at: 0.500000, 0.500000 
sample generated at: 0.500000, 0.750000 
sample generated at: 0.750000, 0.250000 
sample generated at: 0.750000, 0.500000 
sample generated at: 0.750000, 0.750000 
AA is true
pixel at: 1.000000, 0.000000 
sample generated at: 1.250000, 0.250000 
sample generated at: 1.250000, 0.500000 
sample generated at: 1.250000, 0.750000 
sample generated at: 1.500000, 0.250000 
sample generated at: 1.500000, 0.500000 
sample generated at: 1.500000, 0.750000 
sample generated at: 1.750000, 0.250000 
sample generated at: 1.750000, 0.500000 
sample generated at: 1.750000, 0.750000 
AA is true
pixel at: 2.000000, 0.000000 
sample generated at: 2.250000, 0.250000 
sample generated at: 2.250000, 0.500000 
sample generated at: 2.250000, 0.750000 
sample generated at: 2.500000, 0.250000 
sample generated at: 2.500000, 0.500000 
sample generated at: 2.500000, 0.750000 
sample generated at: 2.750000, 0.250000 
sample generated at: 2.750000, 0.500000 
sample generated at: 2.750000, 0.750000 
AA is true
pixel at: 3.000000, 0.000000 
sample generated at: 3.250000, 0.250000 
sample generated at: 3.250000, 0.500000 
sample generated at: 3.250000, 0.750000 
sample generated at: 3.500000, 0.250000 
sample generated at: 3.500000, 0.500000 
sample generated at: 3.500000, 0.750000 
sample generated at: 3.750000, 0.250000 
sample generated at: 3.750000, 0.500000 
sample generated at: 3.750000, 0.750000 
AA is true
pixel at: 4.000000, 0.000000 
sample generated at: 4.250000, 0.250000 
sample generated at: 4.250000, 0.500000 
sample generated at: 4.250000, 0.750000 
sample generated at: 4.500000, 0.250000 
sample generated at: 4.500000, 0.500000 
sample generated at: 4.500000, 0.750000 
sample generated at: 4.750000, 0.250000 
sample generated at: 4.750000, 0.500000 
sample generated at: 4.750000, 0.750000 
AA is true
pixel at: 5.000000, 0.000000 
sample generated at: 5.250000, 0.250000 
sample generated at: 5.250000, 0.500000 
sample generated at: 5.250000, 0.750000 
sample generated at: 5.500000, 0.250000 
sample generated at: 5.500000, 0.500000 
sample generated at: 5.500000, 0.750000 
sample generated at: 5.750000, 0.250000 
sample generated at: 5.750000, 0.500000 
sample generated at: 5.750000, 0.750000 
AA is true
pixel at: 6.000000, 0.000000 
sample generated at: 6.250000, 0.250000 
sample generated at: 6.250000, 0.500000 
sample generated at: 6.250000, 0.750000 
sample generated at: 6.500000, 0.250000 
sample generated at: 6.500000, 0.500000 
sample generated at: 6.500000, 0.750000 
sample generated at: 6.750000, 0.250000 
sample generated at: 6.750000, 0.500000 
sample generated at: 6.750000, 0.750000 
AA is true
pixel at: 7.000000, 0.000000 
sample generated at: 7.250000, 0.250000 
sample generated at: 7.250000, 0.500000 
sample generated at: 7.250000, 0.750000 
sample generated at: 7.500000, 0.250000 
sample generated at: 7.500000, 0.500000 
sample generated at: 7.500000, 0.750000 
sample generated at: 7.750000, 0.250000 
sample generated at: 7.750000, 0.500000 
sample generated at: 7.750000, 0.750000 
AA is true
pixel at: 8.000000, 0.000000 
sample generated at: 8.250000, 0.250000 
sample generated at: 8.250000, 0.500000 
sample generated at: 8.250000, 0.750000 
sample generated at: 8.500000, 0.250000 
sample generated at: 8.500000, 0.500000 
sample generated at: 8.500000, 0.750000 
sample generated at: 8.750000, 0.250000 
sample generated at: 8.750000, 0.500000 
sample generated at: 8.750000, 0.750000 
AA is true
pixel at: 9.000000, 0.000000 
sample generated at: 9.250000, 0.250000 
sample generated at: 9.250000, 0.500000 
sample generated at: 9.250000, 0.750000 
sample generated at: 9.500000, 0.250000 
sample generated at: 9.500000, 0.500000 
sample generated at: 9.500000, 0.750000 
sample generated at: 9.750000, 0.250000 
sample generated at: 9.750000, 0.500000 
sample generated at: 9.750000, 0.750000 
AA is true
pixel at: 0.000000, 1.000000 
sample generated at: 0.250000, 1.250000 
sample generated at: 0.250000, 1.500000 
sample generated at: 0.250000, 1.750000 
sample generated at: 0.500000, 1.250000 
sample generated at: 0.500000, 1.500000 
sample generated at: 0.500000, 1.750000 
sample generated at: 0.750000, 1.250000 
sample generated at: 0.750000, 1.500000 
sample generated at: 0.750000, 1.750000 
AA is true
pixel at: 1.000000, 1.000000 
sample generated at: 1.250000, 1.250000 
sample generated at: 1.250000, 1.500000 
sample generated at: 1.250000, 1.750000 
sample generated at: 1.500000, 1.250000 
sample generated at: 1.500000, 1.500000 
sample generated at: 1.500000, 1.750000 
sample generated at: 1.750000, 1.250000 
sample generated at: 1.750000, 1.500000 
sample generated at: 1.750000, 1.750000 
AA is true
pixel at: 2.000000, 1.000000 
sample generated at: 2.250000, 1.250000 
sample generated at: 2.250000, 1.500000 
sample generated at: 2.250000, 1.750000 
sample generated at: 2.500000, 1.250000 
sample generated at: 2.500000, 1.500000 
sample generated at: 2.500000, 1.750000 
sample generated at: 2.750000, 1.250000 
sample generated at: 2.750000, 1.500000 
sample generated at: 2.750000, 1.750000 
AA is true
pixel at: 3.000000, 1.000000 
sample generated at: 3.250000, 1.250000 
sample generated at: 3.250000, 1.500000 
sample generated at: 3.250000, 1.750000 
sample generated at: 3.500000, 1.250000 
sample generated at: 3.500000, 1.500000 
sample generated at: 3.500000, 1.750000 
sample generated at: 3.750000, 1.250000 
sample generated at: 3.750000, 1.500000 
sample generated at: 3.750000, 1.750000 
AA is true
pixel at: 4.000000, 1.000000 
sample generated at: 4.250000, 1.250000 
sample generated at: 4.250000, 1.500000 
sample generated at: 4.250000, 1.750000 
sample generated at: 4.500000, 1.250000 
sample generated at: 4.500000, 1.500000 
sample generated at: 4.500000, 1.750000 
sample generated at: 4.750000, 1.250000 
sample generated at: 4.750000, 1.500000 
sample generated at: 4.750000, 1.750000 
AA is true
pixel at: 5.000000, 1.000000 
sample generated at: 5.250000, 1.250000 
sample generated at: 5.250000, 1.500000 
sample generated at: 5.250000, 1.750000 
sample generated at: 5.500000, 1.250000 
sample generated at: 5.500000, 1.500000 
sample generated at: 5.500000, 1.750000 
sample generated at: 5.750000, 1.250000 
sample generated at: 5.750000, 1.500000 
sample generated at: 5.750000, 1.750000 
AA is true
pixel at: 6.000000, 1.000000 
sample generated at: 6.250000, 1.250000 
sample generated at: 6.250000, 1.500000 
sample generated at: 6.250000, 1.750000 
sample generated at: 6.500000, 1.250000 
sample generated at: 6.500000, 1.500000 
sample generated at: 6.500000, 1.750000 
sample generated at: 6.750000, 1.250000 
sample generated at: 6.750000, 1.500000 
sample generated at: 6.750000, 1.750000 
AA is true
pixel at: 7.000000, 1.000000 
sample generated at: 7.250000, 1.250000 
sample generated at: 7.250000, 1.500000 
sample generated at: 7.250000, 1.750000 
sample generated at: 7.500000, 1.250000 
sample generated at: 7.500000, 1.500000 
sample generated at: 7.500000, 1.750000 
sample generated at: 7.750000, 1.250000 
sample generated at: 7.750000, 1.500000 
sample generated at: 7.750000, 1.750000 
AA is true
pixel at: 8.000000, 1.000000 
sample generated at: 8.250000, 1.250000 
sample generated at: 8.250000, 1.500000 
sample generated at: 8.250000, 1.750000 
sample generated at: 8.500000, 1.250000 
sample generated at: 8.500000, 1.500000 
