loading Scene .. 

Outputting image of size: 5 x 5
Raytracing with maxdepth = 5
Writing to file: test.png
UL <-0.414214, 0.414214, 2.000000> 
LL <-0.414214, -0.414214, 2.000000> 
UR <0.414214, 0.414214, 2.000000> 
LR <0.414214, -0.414214, 2.000000> 
==== Camera Added ====
lookfrom: 	 0.000000, 	 0.000000, 	 3.000000 
lookat: 	 0.000000, 	 0.000000, 	 0.000000 
up vector: 	 0.000000, 	 1.000000, 	 0.000000 

==== Sphere Added ====
center: 	 0.000000, 	 0.000000, 	 0.000000
radius: 	 1.000000 
sample generated at: 0.500000, 0.500000 
original value at: -2.000000, 2.000000 
scaled value at: -0.082843, 0.082843 
difference between scale and computed values: 0.000000, 0.000000 
ray generated with pos (0.000000, 0.000000, 3.000000) and dir <-0.082843, 0.082843, -1.000000>
tracing ray with pos (0.000000, 0.000000, 3.000000) and dir <-0.082843, 0.082843, -1.000000>
hit
color returned: 1.000000, 0.000000, 0.000000
sample generated at: 1.500000, 0.500000 
original value at: -1.000000, 2.000000 
scaled value at: -0.041421, 0.082843 
difference between scale and computed values: 0.000000, 0.000000 
ray generated with pos (0.000000, 0.000000, 3.000000) and dir <-0.041421, 0.082843, -1.000000>
tracing ray with pos (0.000000, 0.000000, 3.000000) and dir <-0.041421, 0.082843, -1.000000>
hit
color returned: 1.000000, 0.000000, 0.000000
sample generated at: 2.500000, 0.500000 
original value at: 0.000000, 2.000000 
scaled value at: 0.000000, 0.082843 
difference between scale and computed values: 0.000000, 0.000000 
ray generated with pos (0.000000, 0.000000, 3.000000) and dir <0.000000, 0.082843, -1.000000>
tracing ray with pos (0.000000, 0.000000, 3.000000) and dir <0.000000, 0.082843, -1.000000>
hit
color returned: 1.000000, 0.000000, 0.000000
sample generated at: 3.500000, 0.500000 
original value at: 1.000000, 2.000000 
scaled value at: 0.041421, 0.082843 
difference between scale and computed values: 0.000000, 0.000000 
ray generated with pos (0.000000, 0.000000, 3.000000) and dir <0.041421, 0.082843, -1.000000>
tracing ray with pos (0.000000, 0.000000, 3.000000) and dir <0.041421, 0.082843, -1.000000>
hit
color returned: 1.000000, 0.000000, 0.000000
sample generated at: 4.500000, 0.500000 
original value at: 2.000000, 2.000000 
scaled value at: 0.082843, 0.082843 
difference between scale and computed values: 0.000000, 0.000000 
ray generated with pos (0.000000, 0.000000, 3.000000) and dir <0.082843, 0.082843, -1.000000>
tracing ray with pos (0.000000, 0.000000, 3.000000) and dir <0.082843, 0.082843, -1.000000>
hit
color returned: 1.000000, 0.000000, 0.000000
sample generated at: 0.500000, 1.500000 
original value at: -2.000000, 1.000000 
scaled value at: -0.082843, 0.041421 
difference between scale and computed values: 0.000000, 0.000000 
ray generated with pos (0.000000, 0.000000, 3.000000) and dir <-0.082843, 0.041421, -1.000000>
tracing ray with pos (0.000000, 0.000000, 3.000000) and dir <-0.082843, 0.041421, -1.000000>
hit
color returned: 1.000000, 0.000000, 0.000000
sample generated at: 1.500000, 1.500000 
original value at: -1.000000, 1.000000 
scaled value at: -0.041421, 0.041421 
difference between scale and computed values: 0.000000, 0.000000 
ray generated with pos (0.000000, 0.000000, 3.000000) and dir <-0.041421, 0.041421, -1.000000>
tracing ray with pos (0.000000, 0.000000, 3.000000) and dir <-0.041421, 0.041421, -1.000000>
hit
color returned: 1.000000, 0.000000, 0.000000
sample generated at: 2.500000, 1.500000 
original value at: 0.000000, 1.000000 
scaled value at: 0.000000, 0.041421 
difference between scale and computed values: 0.000000, 0.000000 
ray generated with pos (0.000000, 0.000000, 3.000000) and dir <0.000000, 0.041421, -1.000000>
tracing ray with pos (0.000000, 0.000000, 3.000000) and dir <0.000000, 0.041421, -1.000000>
hit
color returned: 1.000000, 0.000000, 0.000000
sample generated at: 3.500000, 1.500000 
original value at: 1.000000, 1.000000 
scaled value at: 0.041421, 0.041421 
difference between scale and computed values: 0.000000, 0.000000 
ray generated with pos (0.000000, 0.000000, 3.000000) and dir <0.041421, 0.041421, -1.000000>
tracing ray with pos (0.000000, 0.000000, 3.000000) and dir <0.041421, 0.041421, -1.000000>
hit
color returned: 1.000000, 0.000000, 0.000000
sample generated at: 4.500000, 1.500000 
original value at: 2.000000, 1.000000 
scaled value at: 0.082843, 0.041421 
difference between scale and computed values: 0.000000, 0.000000 
ray generated with pos (0.000000, 0.000000, 3.000000) and dir <0.082843, 0.041421, -1.000000>
tracing ray with pos (0.000000, 0.000000, 3.000000) and dir <0.082843, 0.041421, -1.000000>
hit
color returned: 1.000000, 0.000000, 0.000000
sample generated at: 0.500000, 2.500000 
original value at: -2.000000, -0.000000 
scaled value at: -0.082843, -0.000000 
difference between scale and computed values: 0.000000, 0.000000 
ray generated with pos (0.000000, 0.000000, 3.000000) and dir <-0.082843, -0.000000, -1.000000>
tracing ray with pos (0.000000, 0.000000, 3.000000) and dir <-0.082843, -0.000000, -1.000000>
hit
color returned: 1.000000, 0.000000, 0.000000
sample generated at: 1.500000, 2.500000 
original value at: -1.000000, -0.000000 
scaled value at: -0.041421, -0.000000 
difference between scale and computed values: 0.000000, 0.000000 
ray generated with pos (0.000000, 0.000000, 3.000000) and dir <-0.041421, -0.000000, -1.000000>
tracing ray with pos (0.000000, 0.000000, 3.000000) and dir <-0.041421, -0.000000, -1.000000>
hit
color returned: 1.000000, 0.000000, 0.000000
sample generated at: 2.500000, 2.500000 
original value at: 0.000000, -0.000000 
scaled value at: 0.000000, -0.000000 
difference between scale and computed values: 0.000000, 0.000000 
ray generated with pos (0.000000, 0.000000, 3.000000) and dir <0.000000, -0.000000, -1.000000>
tracing ray with pos (0.000000, 0.000000, 3.000000) and dir <0.000000, -0.000000, -1.000000>
hit
color returned: 1.000000, 0.000000, 0.000000
sample generated at: 3.500000, 2.500000 
original value at: 1.000000, -0.000000 
scaled value at: 0.041421, -0.000000 
difference between scale and computed values: 0.000000, 0.000000 
ray generated with pos (0.000000, 0.000000, 3.000000) and dir <0.041421, -0.000000, -1.000000>
tracing ray with pos (0.000000, 0.000000, 3.000000) and dir <0.041421, -0.000000, -1.000000>
hit
color returned: 1.000000, 0.000000, 0.000000
sample generated at: 4.500000, 2.500000 
original value at: 2.000000, -0.000000 
scaled value at: 0.082843, -0.000000 
difference between scale and computed values: 0.000000, 0.000000 
ray generated with pos (0.000000, 0.000000, 3.000000) and dir <0.082843, -0.000000, -1.000000>
tracing ray with pos (0.000000, 0.000000, 3.000000) and dir <0.082843, -0.000000, -1.000000>
hit
color returned: 1.000000, 0.000000, 0.000000
sample generated at: 0.500000, 3.500000 
original value at: -2.000000, -1.000000 
scaled value at: -0.082843, -0.041421 
difference between scale and computed values: 0.000000, 0.000000 
ray generated with pos (0.000000, 0.000000, 3.000000) and dir <-0.082843, -0.041421, -1.000000>
tracing ray with pos (0.000000, 0.000000, 3.000000) and dir <-0.082843, -0.041421, -1.000000>
hit
color returned: 1.000000, 0.000000, 0.000000
sample generated at: 1.500000, 3.500000 
original value at: -1.000000, -1.000000 
scaled value at: -0.041421, -0.041421 
difference between scale and computed values: 0.000000, 0.000000 
ray generated with pos (0.000000, 0.000000, 3.000000) and dir <-0.041421, -0.041421, -1.000000>
tracing ray with pos (0.000000, 0.000000, 3.000000) and dir <-0.041421, -0.041421, -1.000000>
hit
color returned: 1.000000, 0.000000, 0.000000
sample generated at: 2.500000, 3.500000 
original value at: 0.000000, -1.000000 
scaled value at: 0.000000, -0.041421 
difference between scale and computed values: 0.000000, 0.000000 
ray generated with pos (0.000000, 0.000000, 3.000000) and dir <0.000000, -0.041421, -1.000000>
